#col0row7[msb-lsb],col0row6[msb-lsb],....,col0row0[msb-lsb]#
#col1row7[msb-lsb],col1row6[msb-lsb],....,col1row0[msb-lsb]#
#................#
00100000011011111100010111001111
11010011110000001011001000010000
00011001010011100010110101111100
00000000001000001111111000101110
00111100001100000000111011000001
01010010000000000000111100010001
00101101001101011101111000100010
00010001001110100101110110100101
00011110000100011110000111011011
00110011110000111011001000010000
11111010010110111111110101011101
00001110001011000010000111111111
00101011000100001100000010111111
00101010111100110111100101000101
00010001110101101111011000111110
11000000010110010000011111101100
11011111110100011101111011010011
01110110111000101100110111110010
10101001111111001111000100110000
01110000000000010000110010100001
00011100000100011100001011110001
11001100110000000010010001101100
11110000111000110001001000110001
00000001001111001101111000000011
01000000000000101101111100000100
10011101001111001001010011000010
01011111011111100100100100101110
11101110011000001101100100110011
11110001001111100011000111100010
00001101001100000010010100010001
01001110010100011101011101100000
00100010000011100010110110011111
00110100111001000010010011111100
10111011000011110001111010010111
01010001011111010000111100000001
01101101001111110001011011110010
00101101000000010000000100010011
11011100001100000111100100111110
01111111111001011010101001000111
01110010111111000001010100000100
11010001110000110010000000101010
00100000101111110111001100011101
11001110110111110011000011110101
11101110111100110001100110011111
11001110000111100001001000100011
01101011101100010101011001101001
00100011000000011001011000000111
11100011000011101111011011100001
00100000000100001110111101000001
10011010011010101001000010010010
01010010011011000000000011011111
01001111001000100001001100111101
10010001001100010011000101000100
11100000000111001010000111110101
01101111010111001111111011101110
00000010110111100100000011010001
00110011111000010000111000110000
11011100010011010101110110010001
01010110000011111101001110100110
00010000000011110001111011010000
10111111000111110010100100100000
00110000001011111110111000110000
00000001000111110001000011101101
11010100100111010001000011011110
00100100000101001100111000100001
01111110101111100111100110111111
10010011100100100000001011100110
11101111101100010011111110111100
00100010011111000011111111111110
00111110111100011111000000111110
00000001001111111110001011011110
00100011110111100000010011101100
