#col0row7[msb-lsb],col0row6[msb-lsb],....,col0row0[msb-lsb]#
#col1row7[msb-lsb],col1row6[msb-lsb],....,col1row0[msb-lsb]#
#................#
11001100110011001100110011001100
10010111011101111001100110010111
11001100110011001100110011001100
01110111100101110111100101110111
10010111011110010100011110010101
11001100110011001100110011001100
11001100110011001100110011001100
11001100110011001100110011001100
11001100110011001100110011001100
01110111100110011001011101110111
11001100110011001100110011001100
01111001011101110111011110010111
01111001011101111001100110010100
11001100110011001100110011001100
11001100110011001100110011001100
11001100110011001100110011001100
11001100110011001100110011001100
10011001011110010111011101110111
11001100110011001100110011001100
01111001011110011111011101110111
10011001100101111001011101111001
11001100110011001100110011001100
11001100110011001100110011001100
11001100110011001100110011001100
11001100110011001100110011001100
10010111100101111111100110011001
11001100110011001100110011001100
01110111100110010111100101110111
01110111011101111001011101111001
11001100110011001100110011001100
11001100110011001100110011001100
11001100110011001100110011001100
11001100110011001100110011001100
01110111011101110111011101111011
11001100110011001100110011001100
01111001011101111001011101110111
01110111011101110111011101111001
11001100110011001100110011001100
11001100110011001100110011001100
11001100110011001100110011001100
11001100110011001100110011001100
10010111100110011001011110010001
11001100110011001100110011001100
01110111011101110111100110011111
10010111011101111001011101111011
11001100110011001100110011001100
11001100110011001100110011001100
11001100110011001100110011001100
11001100110011001100110011001100
10011001100101111001011110011001
11001100110011001100110011001100
01111001011110010111100110011001
01111001011101110111011101111001
11001100110011001100110011001100
11001100110011001100110011001100
11001100110011001100110011001100
11001100110011001100110011001100
10010111011101110111100110011001
11001100110011001100110011001100
01111001011101111001011101110111
01110111011110010111100101110100
11001100110011001100110011001100
11001100110011001100110011001100
11001100110011001100110011001100
11001100110011001100110011001100
10011001100101111001100101111001
11001100110011001100110011001100
10011001100101110111011110010111
10011001100110011001100110011001
11001100110011001100110011001100
11001100110011001100110011001100
11001100110011001100110011001100
