#col0row7[msb-lsb],col0row6[msb-lsb],....,col0row0[msb-lsb]#
#col1row7[msb-lsb],col1row6[msb-lsb],....,col1row0[msb-lsb]#
#................#
11000001111011111111000111110000
11000000001111110001001011000011
00110001010101101111110100011111
01001111001100111110000000100000
00110001010111010001000000000000
11100001001101011110110000101101
00101100000011010000000000011110
11011100110000010000111000011111
11011110000110110010011101000000
00011110101000111100011000100011
10110110111001011101000011011110
00001110001001001100011000110100
01010011010000000100101011100000
00010000110111001111001100101101
01100010111100001100011000001110
01001110001011101111001011101110
11100010111110111111101111100000
11011101111100100001000001010100
11110010111110100000010011101110
11001011000111101111001100110000
11101110001000010000010111011100
00000001000011010100101000011110
11100010110000100010000101000010
11101101000011110010111100101111
11100001000011100011000111010000
11110010111001100000110110101101
00101100000101001011111000101111
11100000000010111110000100100100
00110001110000101111111000011101
11000001111100111111111101011101
00010101010100111110111111100010
00000101001100100101111001000100
11110101111000010011000001110001
00110001110001110110000100101110
11100100001101110001111011110001
10110000011011111100010011110010
01011111111011010100010100111101
00101001010011110011000001010101
00110111010010011110000011010001
01010011001011000110111000000100
00010100110100001110010100101101
11010000100100000000110011111111
10111111001001000101111100101110
11100011010111000101111011011111
00010101001101001111010100001110
00001111000110111101000000100100
00011111001111011011111110110010
00011100001111101111111001110111
10110000110011101111111000001111
11010001110101001010111110111101
11101101111100000000111101101110
00001110001010010101110010111110
00101010001100010011111011111011
11011100000111111011110111111100
11100011000001011110111011111111
11000011110111000000110100110001
11111111110000000110110001010010
00110000001000101101100100011110
11100000111111110011011111000000
11000011000100000100010011010100
11111011001111100101000000100000
00001100010101011100110101010001
00010110001100010000110011111111
11111110000000101101111111010010
11010010000111111100111011001111
00111110110011101100101001101110
11011011001011110100000111100011
11010010000000000100001111010001
11000000101111011011000100011100
00100010111100000100000000010001
00001101000111011111110100101101
00001110000011000010000000010001
